0410119
0416080
0417028
0510884
0511289
0516006
0516095
0610004
0610007
0610013
0610018
0610022
0610025
0610168
0610516
0611025
0612213
0612252
0613316
0613467
0616001
0616003
0616004
0616007
0616008
0616009
0616015
0616019
0616020
0616021
0616023
0616024
0616026
0616027
0616028
0616031
0616039
0616042
0616049
0616055
0616059
0616064
0616072
0616077
0616083
0616087
0616091
0616098
0616107
0616110
0616112
0616113
0616115
0616203
0616204
0616206
0616210
0616211
0616225
0616227
0616228
0616237
0616250
0616305
0616308
0616309
0616312
0616313
0616325
0616328
0616336
0740043
0745038
0745039
0745056
0745064
0745075
0745077
0745078
0745079
0745117